-0.1894 -0.057
-0.4756 -0.0413
-0.3286 0.0804
-0.2579 0.049
0.1288 -0.0031
-0.3656 -0.041
-0.1061 -0.0578
-0.1184 0.0219
-0.2381 -0.0578
-0.3895 -0.1475
0.0464 -0.1283
-0.0077 -0.0992
-0.1768 0.0325
-0.1201 0.0317
0.3026 -0.0191
0.0483 0.12
-0.0105 0.1322
0.1698 -0.1895
0.0973 0.0618
0.2103 -0.0912
-0.1265 -0.0522
-0.0641 -0.0492
-0.0217 0.011
0.202 0.0819
-0.0319 0.001
-0.0315 -0.0946
-0.0844 -0.1359
0.2568 -0.0781
-0.1118 -0.0256
0.1313 0.0556
-0.2545 -0.0044
0.0985 -0.0072
-0.2666 0.0341
-0.0085 -0.0551
-0.0963 -0.0824
-0.0354 -0.1356
-0.0144 -0.0207
0.0152 -0.1168
-0.208 -0.0916
-0.0503 0.0279
-0.2431 0.0403
-0.1278 0.0438
0.1892 0.0704
-0.1869 -0.1786
-0.0116 0.0818
-0.1205 -0.0518
-0.1972 -0.0747
-0.1589 -0.0193
0.0905 0.1573
-0.2056 0.0847
0.0431 0.1711
-0.1585 -0.1434
-0.1088 -0.0685
-0.2245 0.0427
0.3149 0.1067
0.0857 0.0183
0.1424 0.1706
0.2623 -0.1282
-0.3072 0.0457
-0.3478 0.0687
-0.0672 -0.1413
-0.0368 -0.0388
-0.0855 -0.086
0.156 -0.0383
-0.0173 -0.0218
0.0281 -0.0094
0.0572 -0.0153
0.026 -0.1378
0.0372 -0.0946
0.0923 -0.1396
0.276 -0.0045
0.047 -0.0047
-0.1959 -0.0618
-0.1232 -0.0439
0.3347 -0.0154
-0.0445 0.1254
-0.3222 -0.1194
-0.0328 -0.2139
-0.0439 0.0047
0.1121 -0.0809
0.2885 0.0863
-0.0489 0.0773
0.0662 0.1876
0.0343 0.0468
-0.1257 0.129
-0.2448 -0.2032
0.0359 0.1411
-0.121 -0.0165
-0.2179 0.0193
-0.0367 -0.0132
-0.3026 -0.0855
0.0215 -0.0416
0.013 0.1234
0.0957 -0.1707
0.1729 -0.0442
-0.0194 0.2002
0.314 -0.0285
0.2739 0.0517
-0.0845 -0.0295
-0.1524 0.0616
-0.2793 -0.0772
0.4487 -0.0082
-0.273 -0.0403
-0.3612 0.1689
0.2394 0.1319
-0.1511 -0.147
-0.2039 -0.0338
-0.1231 -0.0459
-0.4034 -0.0788
0.1107 0.1063
0.0746 -0.079
0.0798 0.0413
-0.0968 -0.0509
-0.0315 0.0317
0.1557 -0.0338
-0.1529 0.0946
0.1558 0.1043
0.2328 0.1312
0.0144 0.0946
0.1039 0.1164
0.1253 -0.2039
0.2418 -0.0883
-0.0015 0.0455
-0.089 -0.1278
-0.1625 -0.0256
0.2334 -0.0992
-0.0644 -0.0809
0.0507 -0.0868
-0.075 0.0846
-0.2335 0.0043
-0.1336 -0.1169
-0.2132 -0.037
0.057 0.0918
-0.2052 0.0947
-0.1387 0.0796
0.2204 0.1333
0.1142 0.062
-0.3848 0.1112
-0.4068 -0.0853
-0.3007 -0.0809
0.3545 0.1608
0.1026 0.062
-0.1264 -0.0734
0.0788 -0.1591
-0.0947 0.1121
-0.523 0.1168
0.0694 0.106
-0.1478 0.1113
0.067 -0.0832
-0.1863 0.0397
0.2535 0.0045
-0.0486 -0.0858
-0.1 -0.0027
-0.1036 -0.0074
0.1136 -0.1302
0.0887 0.0749
0.1601 -0.0131
0.0994 -0.0651
-0.3196 0.029
-0.1906 0.1619
-0.0976 0.0084
0.3258 0.1245
-0.0525 0.0265
-0.2626 0.0647
-0.4169 -0.0424
-0.1771 0.1195
-0.404 0.09
-0.2584 0.1392
-0.1029 0.1359
0.2257 -0.1787
0.0733 -0.0958
0.0237 -0.1286
-0.01 0.0653
0.0371 0.1351
-0.3398 -0.1717
0.221 -0.0203
0.2369 0.0528
0.1247 -0.0123
0.2597 -0.2334
-0.1094 0.0107
0.1968 0.1533
-0.2524 -0.1672
0.0331 0.0654
0.1254 -0.0316
-0.1637 0.1407
0.0322 0.1411
-0.2168 -0.086
0.0993 0.0994
-0.096 0.0217
0.1138 0.1287
-0.2286 0.0896
-0.163 -0.0147
-0.0878 0.0243
-0.0039 -0.093
0.0288 0.0104
-0.148 -0.0249
-0.1431 0.1459
0.3659 -0.0063
0.0331 -0.0949
-0.0648 0.043
0.3228 -0.0042
-0.2178 -0.0805
0.1325 0.1298
0.0109 0.0152
-0.4694 0.0008
0.2322 -0.0532
0.2729 -0.1117
-0.0789 0.0652
0.1403 0.0031
0.0764 -0.1421
-0.1647 -0.1571
-0.3541 0.3644
-0.0187 0.0669
0.2604 0.1038
0.1657 -0.135
-0.0731 -0.0449
-0.0817 -0.2206
-0.2114 -0.1059
0.1369 -0.1052
-0.2623 -0.0398
-0.0856 -0.1271
0.3027 -0.1577
-0.2359 -0.0552
0.0493 -0.1469
-0.2685 -0.0944
-0.0749 0.0931
0.0805 -0.072
-0.0288 0.001
0.1742 -0.0705
0.0144 0.072
-0.2458 0.032
-0.3196 0.1488
-0.0713 -0.0169
-0.1506 0.1146
-0.0374 0.072
-0.3291 0.0346
0.1397 -0.0197
-0.1152 0.0246
0.1678 0.0565
0.2822 0.0107
0.1269 0.1009
-0.0141 0.032
0.1297 0.145
-0.3973 -0.0516
0.1201 -0.1261
0.103 0.0258
0.0308 0.1001
-0.0305 0.1053
-0.1406 0.0064
0.1866 0.1079
-0.0446 -0.0728
-0.0738 0.0517
-0.0373 -0.0869
0.1426 -0.0579
0.1658 0.1951
0.0752 0.013
-0.1152 0.077
0.1079 0.0889
-0.2147 0.2807
0.102 -0.1225
0.2832 -0.017
0.028 -0.0415
-0.1861 -0.0822
0.0755 0.0317
-0.2181 -0.1726
0.2162 -0.0351
-0.0961 -0.0618
0.1412 0.0541
0.0634 0.0098
0.249 0.0129
0.1133 0.1661
0.2842 -0.0706
-0.0485 0.1828
-0.1751 -0.1627
-0.1489 -0.1082
-0.0058 -0.0223
-0.0744 0.0672
0.0345 0.0113
0.2215 0.0723
0.2386 -0.0161
0.0844 -0.1463
0.053 0.1534
0.1715 -0.0257
-0.2152 -0.0262
0.1036 -0.0615
-0.1666 -0.0596
0.0879 -0.1537
0.2631 0.0148
-0.0996 -0.0066
-0.4334 0.0326
-0.4463 -0.0822
0.287 -0.0116
0.1069 -0.0937
0.1549 -0.1547
-0.0883 -0.1407
0.2457 -0.0645
-0.0918 -0.0281
0.037 0.0386
0.1469 -0.051
0.0216 -0.0605
0.0839 -0.1118
0.0303 -0.039
-0.1106 0.064
0.229 -0.2062
-0.0079 -0.1439
0.1713 -0.0421
-0.1451 -0.1868
0.0885 -0.0938
0.0762 0.0236
0.0941 0.0939
0.0567 0.0412
-0.0701 0.2645
-0.1379 -0.0516
-0.1028 0.0177
-0.2269 0.0131
0.0498 0.0647
-0.0459 -0.0767
-0.1482 0.0952
0.0362 0.1373
-0.0731 0.0124
0.0581 0.1405
0.08 -0.0565
0.038 -0.2103
-0.1213 0.0275
-0.1037 -0.011
-0.158 0.0271
0.0194 -0.0758
0.2099 0.1613
0.2506 -0.0373
0.0607 -0.0643
0.2877 0.1643
-0.0855 0.0252
0.1027 -0.0454
0.1803 0.0234
0.0865 -0.0788
-0.2342 0.017
0.1257 0.2552
0.1393 0.0364
-0.3315 0.0159
-0.2751 -0.0229
-0.294 -0.1131
-0.2028 0.0635
-0.1395 -0.0551
-0.0671 0.1047
0.1655 -0.111
0.0282 0.0612
-0.4175 0.1519
-0.0857 0.2081
0.1487 0.2889
-0.0312 0.0072
-0.1375 0.0056
0.0096 0.0664
-0.3831 -0.0049
-0.242 -0.0827
-0.1693 -0.0081
0.0643 0.0544
-0.0197 -0.0463
0.1038 -0.123
-0.0493 -0.0001
0.4201 0.0769
-0.1182 0.0216
0.032 -0.0896
0.2051 0.0617
-0.0184 0.007
0.1424 -0.0264
-0.1212 -0.0251
-0.223 -0.1527
0.2834 -0.1047
0.1068 -0.0626
-0.1701 0.0204
-0.2565 0.1682
0.1007 0.0879
-0.1937 0.1151
-0.1947 0.0703
-0.0746 0.0095
0.4109 0.142
-0.0422 -0.0327
0.1115 -0.0629
0.0185 -0.1276
0.217 0.0546
0.2878 0.008
-0.0269 -0.0218
-0.0487 -0.0695
-0.0625 0.1215
-0.0291 0.0828
-0.1844 -0.0695
0.1537 -0.1585
-0.0715 -0.0074
0.0143 -0.0804
0.1842 0.1492
0.1829 0.0349
0.0766 -0.1572
0.0882 -0.1065
-0.1591 0.1309
-0.014 -0.0828
-0.0978 0.2306
-0.0671 -0.0275
-0.1349 -0.0151
0.2885 -0.0668
0.0271 0.085
-0.2296 -0.0773
0.094 0.036
0.0408 0.1011
0.218 0.083
0.0506 -0.0711
-0.016 0.102
-0.1167 -0.0528
0.188 -0.0436
0.127 -0.0038
-0.0302 -0.0121
0.1381 -0.1075
0.0412 0.0148
-0.092 0.1275
-0.0484 -0.0079
0.0424 0.0781
-0.1885 -0.0909
0.0714 0.0368
-0.3724 0.1021
-0.3224 -0.1075
-0.0522 0.0457
-0.2466 -0.0389
0.1837 0.0211
-0.1869 -0.0957
0.0263 -0.1549
0.1816 0.0686
0.0034 0.118
0.1224 0.0792
-0.0831 -0.1957
-0.104 0.0074
-0.1584 -0.1014
0.0694 0.0463
0.2429 -0.0628
0.0324 0.0601
-0.0714 -0.1138
0.1752 -0.2834
-0.0294 -0.0722
-0.0516 -0.1195
0.1508 -0.135
0.0835 -0.0157
0.1137 -0.0096
0.1861 0.1041
0.4275 0.1814
-0.2153 -0.0919
0.3985 -0.1674
0.0262 0.0836
-0.1046 -0.038
-0.0162 0.0122
0.0416 0.135
0.1831 -0.0205
-0.034 0.1903
0.1539 -0.0282
0.0796 0.1608
0.0537 0.0144
0.1533 -0.0042
0.2057 0.0199
-0.1589 0.0427
-0.0264 -0.0219
0.2459 0.0012
0.3652 -0.0002
0.0239 -0.0267
0.0728 -0.0666
0.0962 0.0038
0.2497 0.0519
-0.033 -0.1005
-0.0239 0.0689
0.1306 -0.0747
0.1778 -0.001
-0.1469 0.0742
-0.1531 -0.0057
-0.0352 0.1358
-0.071 -0.1128
-0.1453 -0.2043
-0.3031 -0.0346
-0.0532 -0.0097
-0.179 -0.0807
0.1008 0.0915
-0.0128 0.1547
-0.266 0.0835
0.0543 -0.1134
-0.131 0.0379
0.0639 -0.0911
-0.0665 -0.0187
0.0688 0.101
0.0202 -0.0079
0.1039 0.1372
0.0631 -0.0829
0.1663 0.1252
-0.288 0.0472
0.2051 -0.0018
0.0027 -0.043
-0.1126 0.2464
-0.0493 -0.1952
-0.2581 -0.1375
0.016 0.1907
-0.1446 0.0244
0.1605 0.0655
-0.1355 0.0895
-0.0342 0.1337
0.0826 0.0357
-0.1335 -0.1681
0.2212 -0.0218
0.4651 -0.0019
-0.0239 0.0385
-0.3538 0.0632
-0.0231 -0.1413
0.1662 0.0414
0.1433 0.0232
0.0583 0.0128
0.0363 0.2009
-0.3173 0.1136
0.0562 0.1277
-0.2593 0.0038
0.0037 -0.0276
-0.3523 -0.0616
0.1574 0.0946
-0.0586 -0.0405
-0.0891 0.08
-0.0354 0.1054
0.1647 -0.0265
0.1095 0.0556
0.2732 -0.0373
0.0024 0.1297
-0.0482 -0.0882
0.0856 0.1382
0.1933 0.035
-0.3587 -0.0602
0.0739 -0.0406
0.0283 -0.0805
-0.4589 0.1385
0.1362 -0.0578
0.1479 -0.0388
0.1091 -0.209
-0.3836 0.0285
0.1779 -0.0328
0.1388 0.1163
-0.1083 0.0528
0.1835 0.0335
0.0243 -0.1438
-0.227 0.0343
0.0684 -0.1413
-0.1244 0.099
-0.0818 0.057
0.0741 0.0778
-0.1978 -0.1281
0.0891 -0.0025
-0.1085 -0.0867
-0.2245 0.228
-0.1203 0.1408
0.1112 -0.0182
0.0947 0.0306
-0.2514 0.1292
0.3373 0.0466
-0.0569 -0.084
-0.1262 -0.0402
-0.1338 -0.054
-0.0583 0.0247
0.1487 -0.0662
0.2435 0.1067
0.3572 -0.0121
-0.2704 0.1644
-0.0547 0.0655
0.0338 0.0103
0.4133 -0.0249
-0.1247 0.0997
0.089 -0.1269
0.2806 0.0912
0.0213 -0.0754
-0.0275 0.0297
-0.3011 0.0306
-0.228 0.0264
-0.1534 -0.0289
0.1119 -0.0862
-0.1034 0.0753
0.088 0.2309
-0.0412 0.0921
0.0378 -0.0127
-0.0774 -0.1597
0.1183 0.0398
-0.2007 -0.1322
-0.1756 -0.0988
-0.0591 0.0036
0.4406 -0.022
0.0753 0.0591
0.1997 -0.1017
-0.0935 0.0177
0.0705 -0.0627
0.1779 0.0258
-0.2571 0.0867
-0.0581 0.017
-0.1287 0.0223
0.2332 0.0577
0.0182 -0.0863
-0.0903 -0.1287
-0.3573 0.0902
-0.1468 0.0614
0.0624 0.16
0.3158 0.0831
0.0882 0.1823
0.1809 -0.2334
-0.2062 -0.0026
0.1533 -0.0386
0.1931 -0.0152
-0.0699 -0.0149
-0.1494 -0.1172
-0.0764 -0.1682
-0.1593 -0.052
0.0359 0.1451
-0.32 0.0059
0.1035 0.0354
0.2817 0.1626
-0.0245 0.0365
-0.1053 0.0344
0.024 0.0028
-0.0422 0.0029
0.0389 -0.0595
-0.0416 -0.0261
0.0039 0.0879
-0.005 0.0793
0.0214 0.0322
0.0744 -0.176
-0.2854 0.073
0.1639 -0.0688
0.1423 -0.0455
0.1393 -0.0203
-0.2449 -0.1007
-0.001 -0.1328
-0.1886 -0.0029
0.2796 -0.0193
0.1992 -0.0041
0.1112 0.02
-0.0703 0.0484
-0.2024 0.0519
-0.1355 0.1173
0.0715 -0.0709
0.2937 -0.0785
-0.0394 0.0859
0.1305 0.0908
0.0048 0.0437
-0.1541 0.1664
-0.2531 -0.0633
0.1691 -0.0814
0.1717 -0.0294
-0.2053 -0.0031
-0.0888 -0.066
0.059 0.0457
0.0166 0.1367
0.0603 -0.0471
-0.0917 -0.1142
-0.042 0.096
0.0629 0.0305
-0.1356 -0.1823
-0.1428 -0.0748
-0.0601 -0.1212
0.0767 -0.0438
-0.2103 0.0908
0.2882 0.0216
-0.051 -0.0926
-0.1183 0.0794
0.1004 -0.1923
-0.2792 0.1193
0.2497 -0.0406
-0.2415 -0.0163
0.15 -0.0741
-0.198 0.1157
0.2811 -0.0223
0.048 0.0174
0.1732 -0.0306
0.0487 -0.1048
0.1305 -0.0318
0.2236 0.0452
0.1134 -0.0177
0.1061 -0.0804
0.0292 0.005
0.2237 0.1026
-0.0548 0.0441
-0.1747 0.0478
-0.3286 0.1607
0.1156 -0.015
-0.1292 -0.0648
0.1047 0.0177
-0.0014 0.1397
0.1294 0.1499
0.1122 0.0799
-0.1099 0.0672
-0.3367 -0.1634
-0.0331 -0.0245
-0.23 0.0745
-0.3278 0.0984
0.3258 0.0226
-0.14 0.101
0.1635 0.1028
-0.1724 -0.0366
-0.2182 0.0634
-0.1227 -0.1455
0.1089 -0.0196
0.174 -0.1273
-0.1463 0.0277
0.4042 -0.0136
-0.0833 0.0045
0.1743 -0.0899
0.1701 0.1508
-0.1432 0.0122
-0.1897 0.0793
-0.3036 -0.0571
-0.1654 -0.1074
-0.2737 0.0055
-0.0973 0.0094
0.2258 0.0846
-0.0312 0.1807
-0.5425 -0.0182
0.1044 -0.1245
-0.0731 0.1081
-0.0121 0.1711
-0.0229 0.0237
-0.0514 -0.0726
-0.0957 -0.0147
0.1033 0.0703
0.0042 -0.0372
-0.4117 0.1828
-0.3343 0.0334
0.0258 0.1119
0.1117 -0.1074
-0.2605 0.0317
-0.1214 0.0214
-0.0478 0.0846
0.1765 0.0739
0.0929 0.0686
0.1229 -0.0422
0.0193 0.0551
-0.2505 -0.047
-0.1685 0.0446
0.0285 0.0364
-0.2579 0.0123
0.2579 0.0033
0.2129 -0.0734
-0.131 0.0732
-0.166 -0.0962
0.0986 0.0253
-0.1245 0.0494
-0.0929 0.1057
-0.0308 -0.054
0.0164 0.1064
-0.3351 -0.1283
-0.2237 0.0296
-0.4342 0.0097
-0.2148 -0.1048
-0.2285 -0.1092
0.0755 -0.0359
0.1385 -0.1909
-0.1726 0.0623
-0.0127 0.212
-0.077 -0.2238
-0.2779 -0.0115
-0.0385 0.052
0.1272 0.2622
0.1017 0.0119
0.0184 0.1539
0.0205 -0.0074
0.44 -0.1126
0.3379 -0.0471
0.085 -0.1158
-0.1578 -0.0468
0.0393 0.0052
-0.0684 0.1006
-0.0847 -0.004
-0.0243 0.0312
0.0154 0.0417
0.1758 0.0151
-0.0291 0.0187
-0.3657 -0.2464
0.1389 0.0697
-0.0467 -0.0206
0.1993 -0.021
-0.1808 0.1143
-0.1012 0.0405
-0.13 0.1055
-0.3753 -0.0272
-0.0764 -0.0262
-0.3204 -0.0831
-0.006 0.0044
-0.0866 -0.1029
0.1486 0.0915
0.2935 -0.0221
0.136 0.3443
-0.0418 0.1926
0.0203 0.0848
0.1477 -0.1012
0.1342 -0.0961
-0.2233 0.071
0.1036 0.2128
0.0954 0.2105
0.2712 -0.0722
0.0196 0.0005
0.3115 -0.0348
-0.0563 -0.0221
-0.064 -0.022
-0.0622 0.0738
-0.2205 0.0948
0.0568 -0.0038
0.0797 -0.0715
0.1076 0.0016
-0.2397 0.1314
0.132 0.1075
0.0797 -0.1084
-0.3838 0.1565
-0.0454 -0.1161
-0.3906 -0.1972
0.1284 0.0159
-0.1098 0.0306
0.1224 -0.1682
0.1804 -0.0846
0.1282 -0.1252
-0.1664 0.0969
0.0309 0.0419
-0.0756 0.0895
0.1582 0.0436
-0.1358 -0.1297
0.1082 -0.0495
0.0067 -0.0104
0.3472 0.0142
0.2458 -0.1048
0.1556 -0.0066
-0.0271 0.1151
-0.2486 0.0128
0.2379 -0.047
-0.2328 0.0838
-0.1461 -0.1178
0.0751 0.1738
-0.1176 0.0652
0.119 -0.0462
-0.2303 -0.0124
0.0333 0.0768
-0.25 -0.0428
-0.1334 -0.0763
0.0482 0.0275
0.3171 0.1152
-0.3089 0.0534
-0.2827 0.0401
-0.1899 -0.1882
-0.3106 -0.0514
-0.1243 -0.0006
0.1176 0.2039
-0.0372 0.0207
0.0504 -0.0288
-0.0076 0.0083
0.0123 0.0246
0.2929 -0.0372
0.147 0.011
0.3098 -0.0858
-0.0833 0.0008
-0.0498 -0.0775
0.2233 -0.017
-0.2516 -0.0491
-0.04 0.1426
-0.1181 -0.0312
0.0703 -0.0391
0.2202 -0.1009
0.2206 -0.0892
0.3774 -0.1434
0.0817 0.0173
0.2712 -0.223
0.1188 -0.0623
-0.1592 -0.0375
-0.1858 0.0423
-0.0575 -0.1669
0.031 0.0215
-0.2023 -0.0747
0.028 -0.0652
-0.1409 -0.0659
0.195 -0.0154
-0.1584 0.034
0.0535 -0.0399
-0.1117 -0.0165
0.0045 -0.0468
-0.0212 -0.1408
-0.0069 -0.0079
0.1091 -0.0675
-0.2596 0.1058
-0.1798 -0.0395
-0.2085 0.1013
0.048 -0.1251
-0.0996 -0.1239
0.2443 -0.0331
0.0186 -0.0588
0.1158 0.1014
0.0814 0.0215
0.0884 0.0211
-0.0867 -0.0731
0.0655 0.1426
-0.0469 0.0065
-0.1489 -0.0149
-0.1487 0.0837
0.077 0.0911
-0.3748 0.0245
0.1053 -0.0379
0.1614 -0.0891
0.0362 -0.0384
0.2663 -0.0098
0.1366 -0.1089
-0.297 -0.0245
-0.2149 -0.1081
-0.0315 -0.0464
0.1189 -0.2207
0.0005 -0.1558
0.2036 0.0281
0.0125 0.0188
0.1549 0.1011
0.0498 0.0345
-0.0671 0.0808
0.0362 0.0719
0.2183 -0.0575
0.1277 -0.0113
-0.1924 -0.059
-0.0667 0.1104
0.0151 -0.2699
-0.0904 -0.0184
0.0397 -0.1
-0.2544 -0.0098
0.0403 0.039
0.1723 -0.0222
0.1925 -0.1227
0.154 -0.0399
0.3553 -0.0215
0.0605 0.14
-0.0315 -0.0475
-0.0714 -0.0117
0.0667 -0.052
-0.2648 0.1659
-0.2328 -0.1567
0.1439 0.0199
0.2246 -0.0138
-0.2092 -0.002
-0.1988 0.0339
0.1088 -0.0321
0.2783 0.0077
0.0035 -0.0573
-0.3981 -0.1254
-0.2636 0.1053
0.1723 0.0037
-0.1136 -0.0423
0.0653 -0.0269
0.4762 -0.0579
-0.1389 0.0979
-0.2558 0.0699
0.1871 -0.01
-0.3805 0.0281
-0.2828 -0.0267
0.082 0.0301
0.0798 0.1186
0.1662 -0.0888
-0.0183 -0.0385
0.1785 -0.107
0.2131 -0.071
0.1363 0.0387
0.18 0.1973
0.0107 0.1021
-0.2161 -0.0215
0.1119 -0.0356
0.0283 -0.0602
-0.2628 -0.0694
-0.1498 -0.1368
-0.0407 0.0634
0.0801 -0.0082
0.1935 0.0808
0.1408 -0.0939
-0.2865 -0.0305
-0.0654 0.0539
-0.1333 0.1368
0.0356 -0.0017
-0.0437 0.0066
-0.0836 -0.0816
-0.1553 0.1067
0.1935 0.0239
-0.3273 -0.0392
0.0263 0.0486
0.1144 -0.1171
0.1316 -4.08562e-017
-0.2296 -0.0658
-0.0061 -0.1592
0.0762 0.0287
-0.3511 0.0743
-0.0236 0.2096
0.0519 0.0261
0.1123 0.0253
-0.0047 -0.0019
0.124 -0.1046
-0.1384 -0.0897
0.1843 -0.1107
0.018 0.0915
0.1807 0.1301
0.0006 0.0982
-0.011 -0.0137
-0.3587 0.0994
0.3657 0.0715
0.3629 0.0533
0.0269 0.0167
0.0509 0.0908
0.0855 0.0178
-0.1409 -0.0324
-0.1359 0.2362
1.4627 5.0122
1.4126 5.0033
1.3966 4.9553
1.4888 5.019
1.4617 5.0162
1.4923 5.002
1.4891 5.0195
1.4328 4.9853
1.4652 5.0216
1.5109 4.9709
1.4354 4.997
1.5227 5.0145
1.5036 4.9754
1.542 4.9715
1.4921 5.0107
1.4126 4.9987
1.5559 4.9985
1.4826 5.0028
1.4046 4.9886
1.4395 5.0087
1.5691 4.9913
1.5528 5.0073
1.4403 5.0009
1.5747 4.9749
1.5532 4.9888
1.5747 4.9741
1.572 4.9979
1.3799 4.9978
1.44 5.0117
1.522 5.0242
1.4878 5.0057
1.4244 4.9974
1.4873 5.0104
1.6122 5.0125
1.4851 5.0095
1.4382 5.0262
1.4144 4.9853
1.4392 4.9922
1.5582 5.021
1.5195 5.009
1.5103 5.0213
1.5066 5.0021
1.5816 5.0021
1.4812 5
1.4796 5.0003
1.4522 5.0339
1.518 4.9818
1.4464 5.0361
1.4926 4.9792
1.6085 5.0154
1.5318 4.9684
1.462 4.9835
1.46 5
1.5979 4.9792
1.3786 4.9969
1.5288 4.9957
1.5277 4.9782
1.5143 5.0218
1.6105 5.0068
1.595 4.9965
1.4349 5.0257
1.5378 5.0323
1.4763 4.9887
1.3773 5.0289
1.4271 4.9964
1.4429 5.0047
1.551 5.0433
1.4894 5.0236
1.5422 5.0301
1.5447 4.9791
1.4345 4.9467
1.4173 5.0275
1.5937 5.0206
1.4888 4.9842
1.4448 4.9997
1.4296 5.0154
1.5053 4.997
1.3877 5.0062
1.4424 4.9967
1.6347 5.0175
1.5358 5.0016
1.4788 4.9999
1.4879 5.0195
1.5339 5.0152
1.489 4.9996
1.4882 5.0306
1.6036 4.9836
1.5157 4.9948
1.5256 5.0107
1.4741 5.0182
1.4525 5.0024
1.519 5.0036
1.5219 5.0211
1.506 4.9438
1.5416 5.0003
1.5142 4.923
1.4455 5.0053
1.4604 4.9983
1.4725 4.9806
1.4662 4.9833
1.5697 5.0226
1.5276 4.9817
1.4823 5.0269
1.4938 4.9864
1.3934 4.991
1.622 5.0062
1.5129 5.0132
1.5443 5.0167
1.4658 4.9699
1.4624 5.0128
1.5194 5.0077
1.5294 5.022
1.4724 5.027
1.4625 4.9936
1.5509 5.0271
1.5412 5.0122
1.507 5.019
1.5671 5.0332
1.5928 5.0319
1.4404 5.0067
1.5816 4.9976
1.4803 5.0317
1.427 5.0209
1.5673 4.9869
1.4876 4.9748
1.4366 4.9846
1.5427 5.0139
1.5206 5.0083
1.5581 5.0211
1.4335 5.0117
1.4556 4.9961
1.4642 4.9912
1.5024 4.9777
1.5152 5.0046
1.5025 5.013
1.4161 5.0201
1.4787 4.9985
1.473 4.9999
1.4702 4.9808
1.45 5.0072
1.5023 4.9787
1.5003 5.0112
1.5047 4.9629
1.5241 4.9702
1.4354 4.9908
1.5771 4.9983
1.5097 4.9649
1.5924 5.0038
1.3699 4.9941
1.4318 4.9931
1.5607 4.9829
1.5851 5.0082
1.5563 4.9811
1.5841 5.0131
1.4882 5.0015
1.4519 5.001
1.4766 4.9869
1.4613 5.0026
1.4836 4.9966
1.4887 4.9547
1.6353 5.0139
1.515 5.0098
1.5337 5.0035
1.5342 5.0058
1.4409 4.9766
1.375 4.98
1.4575 5.0545
1.454 5.0209
1.4136 4.9676
1.5702 5.002
1.4717 5.0219
1.432 5.0026
1.4563 4.9916
1.4496 4.998
1.573 5.0351
1.6624 4.9817
1.5384 5.0306
1.4512 5.0162
1.5214 4.9819
1.569 4.982
1.4914 5.0119
1.4913 5.0082
1.4812 4.982
1.5387 5.0236
1.494 4.9926
1.4105 5.0061
1.5098 5.0238
1.4825 5.0002
1.5008 5.0133
1.578 5.0161
1.5038 4.9925
1.5464 5.0068
1.6 4.9822
1.4993 4.9514
1.6298 4.987
1.5927 4.9981
1.5194 4.9955
1.4852 5.0119
1.4593 4.998
1.4756 4.9923
1.5151 5.0244
1.4254 4.959
1.4837 4.9665
1.4198 4.9592
1.5774 4.9984
1.4662 5.0083
1.5083 5.011
1.5093 5.021
1.487 5.0179
1.5247 4.9778
1.5492 5.0096
1.5069 5.0257
1.5049 5.0087
1.4296 4.9905
1.5234 5.0126
1.4877 5.0029
1.5843 4.9899
1.532 5.0051
1.595 5.0138
1.452 5.0031
1.5375 5.0027
1.4608 5.006
1.4186 4.9999
1.4816 5.0172
1.4902 4.9768
1.5685 4.9799
1.5587 5.0096
1.4792 5.0222
1.5904 4.9886
1.5396 5.004
1.4947 5.004
1.5278 4.9671
1.5081 5.0067
1.5904 5.0208
1.5523 4.9812
1.5744 5.0308
1.5996 4.9769
1.5492 5.0006
1.5434 5.0016
1.4864 5.0157
1.4474 4.9714
1.5721 5.006
1.4548 4.9754
1.4155 4.9955
1.6435 5.0147
1.5373 4.9881
1.4333 4.9718
1.4499 4.9827
1.4715 4.9994
1.4095 5.0334
1.5211 5.0097
1.4794 4.9591
1.5775 5.001
1.5486 5.0265
1.5823 5.013
1.5092 4.9886
1.5046 4.9677
1.4964 4.9917
1.5404 5.0054
1.4685 4.983
1.4716 5.02
1.5321 4.9816
1.5605 5.0115
1.548 5.0039
1.4901 5.0051
1.4604 5.0242
1.5025 4.9801
1.4268 4.971
1.4238 5.0037
1.5188 4.9936
1.4246 4.9709
1.5138 4.9995
1.5951 4.9851
1.4745 4.9812
1.4461 5.0175
1.5342 4.9872
1.4471 4.9947
1.4924 4.9939
1.5863 4.9938
1.5711 5
1.5263 4.9705
1.4408 5.0169
1.6037 4.9882
1.5961 4.9888
1.5069 4.9956
1.5288 5.0283
1.5142 5.0038
1.4172 5.0251
1.5292 5.0117
1.4432 4.9815
1.5618 4.9734
1.4481 4.9904
1.4944 5.0076
1.3248 4.9657
1.509 5.012
1.4507 4.9765
1.4536 4.999
1.4349 4.998
1.5682 5.0026
1.4748 5.0018
1.4939 4.9922
1.2975 4.989
1.6166 4.9559
1.4368 5.0002
1.5067 5.0208
1.4708 4.9949
1.4344 4.9887
1.4772 4.9862
1.578 4.9881
1.3486 5.0002
1.5221 4.9906
1.4423 5.0226
1.5653 4.9924
1.3873 5.0101
1.4555 4.9929
1.5386 4.9962
1.5621 5.0199
1.6125 5.0096
1.594 5.0322
1.4669 4.9904
1.4144 5.0304
1.5473 5.008
1.3841 4.9951
1.3767 4.976
1.4881 4.9738
1.4924 5.0043
1.3966 5.0018
1.4751 4.9996
1.5596 4.9918
1.5142 5.0037
1.4114 4.9921
1.5543 4.9729
1.4486 5.0064
1.5228 4.994
1.4193 4.9966
1.4162 5.0127
1.5614 5.0177
1.4622 5.0121
1.4639 4.9755
1.5238 4.9982
1.3063 4.9753
1.5983 4.9783
1.5848 5.0006
1.5999 4.9903
1.4858 5.0042
1.4137 4.9954
1.4854 4.9858
1.4532 4.9838
1.3833 5.0016
1.459 5.0129
1.5454 5.0502
1.433 5.031
1.5524 4.9643
1.4856 5.0006
1.5171 5.0526
1.4942 5.0227
1.5885 5.0237
1.454 4.9879
1.451 4.968
1.6101 4.9962
1.4695 5.0156
1.3708 5.0096
1.4661 4.9889
1.3729 5.0006
1.4041 4.9749
1.4572 5.0095
1.4865 5.0165
1.5388 5.0155
1.4253 4.9895
1.5048 4.9991
1.5018 4.9951
1.4813 5.0162
1.6131 5.0161
1.5007 4.9911
1.4895 5.005
1.3646 5.0138
1.5236 5.0103
1.5829 5.0172
1.5565 4.9768
1.4445 5.0211
1.4008 5.0097
1.5296 4.9656
1.4895 5.0164
1.5679 5.0253
1.5411 4.9922
1.3934 5.0159
1.44 5.0224
1.4804 4.982
1.4085 4.9937
1.4455 5.0168
1.5515 4.9658
1.5881 5.0305
1.571 5.0139
1.6046 5.005
1.4943 4.9846
1.3956 5.0141
1.5996 5.0342
1.5432 4.9985
1.3651 5.0197
1.4861 5.0154
1.5418 4.9897
1.5385 5.0236
1.5622 4.9872
1.5597 4.993
1.5623 4.9995
1.3773 4.98
1.4037 4.984
1.4757 5.0479
1.4301 5.0019
1.6928 5.0349
1.4703 5.0201
1.6617 4.9914
1.4252 4.9957
1.4387 4.9845
1.5235 4.9955
1.4863 4.9775
1.4884 5.0311
1.5557 5.0002
1.5139 4.9804
1.3867 4.977
1.4572 4.9966
1.4472 4.9795
1.5421 4.9895
1.6 4.9962
1.558 5.0159
1.4259 5.0254
1.4014 4.9849
1.4253 4.9945
1.5064 4.979
1.54 4.9745
1.4942 5.0051
1.6118 4.9933
1.6026 5.001
1.545 4.9922
1.4386 4.9749
1.4143 4.9807
1.5436 4.9914
1.332 4.9985
1.5212 4.993
1.4506 4.9768
1.3492 5.0309
1.4658 4.9853
1.516 4.9805
1.4753 4.9933
1.5272 5.0004
1.5345 4.9767
1.4336 5.0064
1.5895 4.9878
1.5421 5.0178
1.4665 5.0023
1.5057 4.979
1.567 5.038
1.3567 4.9938
1.4856 4.9915
1.4273 4.9867
1.5567 4.9968
1.5203 4.9988
1.4744 4.9733
1.4448 4.9882
1.5316 4.9892
1.394 5.0321
1.3874 4.9928
1.5876 4.9979
1.5186 5.0405
1.6006 4.9761
1.4779 4.9996
1.4895 5.0093
1.5713 5.0406
1.4333 4.9938
1.5059 4.9957
1.5175 4.9952
1.4887 4.9996
1.531 4.9911
1.4519 5.0281
1.4805 4.949
1.4156 5.0315
1.4916 4.967
1.4049 4.9717
1.501 5.0285
1.5262 5.0108
1.6408 4.9856
1.5483 4.966
1.6251 5.0022
1.5163 5.0097
1.5826 4.9819
1.5698 5.0208
1.4389 5.0463
1.479 5.0098
1.4562 5.0059
1.4732 5.0528
1.3943 5.0137
1.465 4.996
1.4191 5.043
1.4589 5.0026
1.6167 5.0457
1.4765 5.0032
1.5336 4.9861
1.456 5.0246
1.4272 4.9862
1.4613 5.0121
1.4935 5.0034
1.4649 5.003
1.6003 5.028
1.6075 4.9786
1.455 4.9704
1.5213 4.9889
1.4793 4.993
1.4734 5.0101
1.532 5.0032
1.5536 5.0194
1.4133 4.9899
1.428 4.9993
1.6108 5.0211
1.4588 5.0008
1.3987 5.01
1.4223 4.9934
1.5976 4.9933
1.5655 4.9981
1.5143 5.0148
1.5326 5.0181
1.5524 4.9579
1.4974 5.0068
1.5175 5.0107
1.4544 4.9939
1.4717 4.9901
1.6025 5.026
1.414 4.9944
1.5476 4.9901
1.4717 4.9977
1.5305 4.9863
1.5726 4.9787
1.4052 5.0212
1.6571 4.9658
1.4446 4.965
1.5336 5.0089
1.4293 5.0317
1.4955 5.0071
1.5044 5.0109
1.5236 5.0277
1.5756 4.9881
1.5389 4.9813
1.4382 4.9909
1.4382 5.0029
1.6045 4.9574
1.581 4.9843
1.4869 5.0396
1.4059 5.002
1.57 5.0061
1.4542 5.0166
1.5048 5.0177
1.4977 4.9946
1.4628 5.0031
1.5838 4.9898
1.4066 5.0038
1.4257 4.9973
1.3912 4.9563
1.4678 4.9843
1.5295 5.0194
1.5391 4.9804
1.416 4.9803
1.3839 4.9953
1.4172 5.0146
1.5346 4.9876
1.5894 4.9909
1.5252 4.9803
1.5218 5.0196
1.4154 5.0152
1.4732 5.0118
1.4062 5.0058
1.4048 5.0298
1.5209 4.9959
1.5476 5.0406
1.5275 5.0075
1.6212 4.9974
1.4231 4.9911
1.5446 5.002
1.4985 4.9999
1.484 4.9731
1.4813 4.9981
1.4164 4.9899
1.5346 5.0263
1.4825 5.0053
1.5997 5.0282
1.4271 5.0137
1.4745 5.0202
1.4436 4.9979
1.5581 5.0071
1.4708 5.0017
1.4225 4.9775
1.4887 5.0043
1.4232 4.9948
1.4797 5.0053
1.4485 4.988
1.4724 5.0099
1.4712 5.005
1.4786 4.9977
1.5064 4.9779
1.4996 5.0323
1.4578 4.9658
1.518 4.9969
1.6684 4.9841
1.598 5.0043
1.4603 5.0069
1.6203 5.013
1.3899 5.0393
1.5077 5.0118
1.4304 4.9459
1.3677 4.9965
1.5194 5.019
1.3649 5.0116
1.4594 4.9922
1.4498 5.0292
1.609 4.9725
1.3934 5.0034
1.4917 5.0173
1.473 4.9744
1.4874 5.0305
1.6184 4.997
1.4465 5.0138
1.5274 4.9829
1.6165 4.9993
1.4114 4.9704
1.5209 5.0199
1.4953 5.0269
1.3965 4.9911
1.568 5.0401
1.5001 5.0455
1.5046 4.9949
1.566 5.0115
1.4966 5.0078
1.6055 5.0137
1.4933 4.9836
1.5718 5.039
1.5503 5.0089
1.5091 5.0286
1.449 4.9868
1.4664 4.9902
1.5222 5.0131
1.5893 4.9861
1.4992 4.9993
1.6054 4.9867
1.5861 4.9823
1.4918 4.9719
1.4689 4.9973
1.5797 5.0126
1.516 4.995
1.6583 4.9718
1.5321 5.0149
1.5065 4.9906
1.4521 5.0056
1.6163 4.9718
1.4228 5.0013
1.4675 4.997
1.4868 5.017
1.4897 5.005
1.5729 4.9932
1.5794 4.9972
1.5179 5.0051
1.5062 4.9869
1.4727 4.999
1.5856 5.0424
1.5147 4.9725
1.5105 4.9916
1.3707 5.0089
1.4929 4.9998
1.5088 4.9979
1.5107 5.0112
1.5579 4.9973
1.471 5.0015
1.4451 4.9751
1.5019 5.0101
1.451 4.9754
1.4116 5.0288
1.4754 4.965
1.5407 4.9744
1.5281 4.9906
1.4367 5.0394
1.5325 4.9934
1.5383 5.0057
1.4647 4.9701
1.5464 5.0237
1.3993 4.9831
1.461 5.0234
1.5631 4.9896
1.4423 5.0009
1.4707 4.9972
1.4913 4.9929
1.5814 5.0092
1.3897 4.986
1.5618 4.9936
1.4984 4.9892
1.5823 5.0096
1.4981 4.993
1.5666 4.9958
1.4596 4.9758
1.5081 4.9425
1.4762 5.0174
1.578 5.0003
1.51 4.9901
1.5219 4.9986
1.458 4.9745
1.5255 5.004
1.3764 4.9864
1.4172 5.0044
1.4544 4.9987
1.5248 4.984
1.5552 4.9995
1.4701 5.0229
1.3834 5.0166
1.4885 4.997
1.4801 4.9756
1.4332 5.0333
1.4608 4.9828
1.3905 4.9919
1.4273 4.9798
1.4967 4.9792
1.5093 5.0213
1.5204 4.9886
1.4751 5.0182
1.4445 5.0091
1.5149 4.9732
1.4216 4.9743
1.4785 5.0153
1.4938 4.9891
1.3952 4.991
1.425 5.0142
1.496 4.9867
1.5295 4.9764
1.5295 5.0055
1.4742 5.0209
1.5357 4.9918
1.5141 5.019
1.6315 5.0014
1.559 4.9677
1.663 4.9864
1.5665 4.9891
1.4021 4.9695
1.5332 5.0075
1.5381 5.0094
1.5076 4.9928
1.5347 5.0233
1.5063 5.0345
1.5311 5.0222
1.4963 4.9978
1.5146 5.0037
1.4862 5.0007
1.5665 5.0016
1.4975 5.0255
1.5089 4.9967
1.5017 4.9793
1.533 4.9842
1.5847 4.9834
1.4056 4.9957
1.5071 5.0125
1.5064 4.9695
1.4652 4.9832
1.5297 4.9939
1.3826 5.0021
1.517 4.9887
1.5092 5.0299
1.4051 5.0009
1.4941 4.9895
1.4306 5.0422
1.6252 5.0207
1.5186 5.0499
1.4577 4.9957
1.5696 4.9873
1.4188 5.0111
1.4338 4.9848
1.5112 4.965
1.5103 5.0046
1.4051 4.958
1.4468 4.9475
1.5227 5.0067
1.5158 5.0169
1.5567 4.9724
1.5957 5.0087
1.4803 4.9932
1.5882 5.0207
1.5107 4.9721
1.5168 4.9761
1.5358 4.9699
1.4192 4.9744
1.4478 4.9779
1.551 5.0278
1.511 5.0541
1.4378 5.0092
1.5075 4.9875
1.3744 4.9942
1.4665 4.9589
1.5038 5.0146
1.4152 5.0154
1.5876 4.9882
1.4361 4.993
1.5671 5.0439
1.5884 4.993
1.5273 4.9917
1.5485 5.0275
1.4409 4.9661
1.4877 5.0242
1.5049 5.0071
1.5034 4.9868
1.462 5.0042
1.4158 5.0095
1.5577 4.9903
1.4699 4.9805
1.5871 4.9848
1.6019 5.0013
1.5637 5.0319
1.519 4.9747
1.4759 5.0065
1.5393 4.9727
1.3299 4.9942
1.4608 4.961
1.3108 5.007
1.3358 4.9716
1.5323 4.9914
1.4838 4.9962
1.518 4.9823
1.5157 4.9853
1.5116 5.0209
1.4857 4.9971
1.5287 5.0135
1.5265 5.0134
1.6133 4.9919
1.4507 4.9637
1.574 5.0646
1.5344 5.0005
1.6844 5.0035
1.4821 4.9911
1.4529 4.9653
1.5294 4.9785
1.3542 4.9752
1.5765 5.0084
1.3702 4.9835
1.4422 4.985
1.4977 5.0083
1.5128 5.0156
1.557 4.9894
1.5313 4.9874
1.3609 5.0217
1.4464 4.9856
1.4681 5.0047
1.5146 4.9945
1.5112 5.0153
1.4752 5.0162
1.4484 4.9573
1.5087 4.9844
1.3459 4.993
1.4974 4.9687
1.4454 5.0066
1.5921 5.016
1.4585 4.98
1.3941 5.0109
1.5029 5.0042
1.3915 5.0199
1.5224 5.0348
1.5217 4.9718
1.4617 4.986
1.5071 4.9943
1.4003 4.9736
1.5826 5.0086
1.5907 4.9955
1.4678 4.986
1.408 5.0111
1.5263 4.9702
1.4872 4.9495
1.5184 4.9873
1.5255 5.0019
1.4498 4.9584
1.4927 5.0041
1.5033 5.0243
1.5185 5.0087
1.5368 4.9746
1.4682 5.0161
1.4819 4.9937
1.5843 5.0296
1.598 5.0166
1.5556 5.0086
1.6134 5.0379
1.5039 5.0077
1.5057 5.0137
1.5335 5.0076
1.5073 4.9794
1.4149 5.0089
1.4976 4.9848
1.5673 5.0058
1.4317 5.0063
1.5871 4.9747
1.4493 4.989
1.4868 5.0098
1.5093 4.9856
1.5545 5.0021
1.4552 5.0116
1.3959 5.0054
1.5147 5.0007
1.4649 5.0128
1.4316 5.0169
1.4715 5.0062
1.548 4.9857
1.3708 5.0068
1.4614 4.9666
1.5696 4.9774
1.542 5.0105
1.4188 4.9923
1.5065 4.9919
1.4935 4.957
1.5982 5.0218
1.4488 5.0431
1.6233 5.011
1.5078 5.0163
1.5264 4.989
1.6309 5.0198
1.4405 5.0163
1.3969 4.9823
1.5243 4.9983
1.5352 4.9784
1.4077 4.974
1.5013 4.9745
1.5723 4.9511
1.5184 4.9849
1.4444 5.0012
1.5583 5.0312
1.3997 5.0139
1.5484 5.0403
1.4722 4.9819
1.5381 4.9953
1.3819 4.9989
1.4859 4.9986
1.4436 5.008
1.4472 4.9927
1.4276 4.9862
1.5146 4.963
1.4941 5.0191
1.4845 4.9958
1.4831 5.0235
1.5388 5.0078
1.462 4.9856
1.4351 5.0052
1.6414 5.0238
1.3976 4.9854
1.4739 5.0006
1.5001 4.9971
1.5467 4.9941
1.572 5.0019
1.5072 5.0301
1.5165 5.0311
1.4554 4.9918
1.5524 4.9977
1.4985 4.9991
1.4573 4.9852
1.5202 5
1.5202 4.9879
1.5164 4.9726
1.4356 4.9921
1.4561 4.9677
1.5288 5.0203
1.4847 5.0009
1.559 4.9585
1.4443 4.9855
1.5298 4.9942
1.5206 5.0026
1.4405 5.002
1.3862 4.9983
1.5427 4.9911
1.5457 4.9967
1.488 5.0076
1.4875 4.9905
1.5054 5.0128
1.4882 5.0101
1.4861 4.9836
1.5726 4.9951
1.3956 4.9978
1.5269 4.9937
1.5115 4.9836
1.4952 4.9723
1.5101 4.9751
1.4265 4.9849
1.4955 5.0299
1.3906 4.9716
1.4979 4.9875
1.5854 5.0149
1.3677 4.9753
1.5539 4.9655
1.5069 5.0024
1.5079 5.0077
1.5754 4.9958
1.5637 4.9972
1.5442 4.9581
1.5745 4.9711
1.4611 4.9871
1.515 4.9988
1.5261 5.0233
1.4169 4.9869
1.5474 4.9799
1.6062 4.9842
1.4408 4.9497
1.5752 5.0204
1.599 5.0068
1.3883 4.9684
